3 100 00010002 0001 0002 1 2
2 127 00020003 0002 0003 1 2
2 75 01019002 0101 9002 1 2
2 25 90020102 9002 0102 1 2
3 50 02000201 0200 0201 1 2
2 57 02019003 0201 9003 1 2
2 53 90030202 9003 0202 1 2
2 54 02029005 0202 9005 1 2
2 73 90050203 9005 0203 1 2
2 110 03010302 0301 0302 1 2
3 55 03029009 0302 9009 1 2
3 72 90090303 9009 0303 1 2
3 50 99019902 9901 9902 1 2
2 60 04019010 0401 9010 1 2
2 50 90100402 9010 0402 1 2
2 55 04029011 0402 9011 1 2
2 72 90110403 9011 0403 1 2
2 58 05019013 0501 9013 1 2
2 52 90130502 9013 0502 1 2
2 55 05029015 0502 9015 1 2
2 72 90150503 9015 0503 1 2
3 110 06010602 0601 0602 1 2
3 127 06020603 0602 0603 1 2
3 110 07010702 0701 0702 1 2
3 127 07020703 0702 0703 1 2
3 10 99039017 9903 9017 1 2
3 40 90179904 9017 9904 1 2
2 60 08019019 0801 9019 1 2
2 50 90190802 9019 0802 1 2
2 55 08029020 0802 9020 1 2
2 75 90200803 9020 0803 1 2
2 110 09010902 0901 0902 1 2
2 127 09020903 0902 0903 1 2
3 110 10011002 1001 1002 1 2
3 62 10029026 1002 9026 1 2
3 65 90261003 9026 1003 1 2
3 50 99059906 9905 9906 1 2
2 110 11011102 1101 1102 1 2
2 127 11021103 1102 1103 1 2
2 37 02019006 0201 9006 1 2
2 27 90060301 9006 0301 1 2
2 23 03019902 0301 9902 1 2
2 29 99020401 9902 0401 1 2
2 52 04010501 0401 0501 1 2
2 45 05010601 0501 0601 1 2
2 43 06010701 0601 0701 1 2
2 10 07019018 0701 9018 1 2
2 22 90189904 9018 9904 1 2
2 23 99040801 9904 0801 1 2
2 65 08019021 0801 9021 1 2
2 82 90210901 9021 0901 1 2
2 73 09011001 0901 1001 1 2
2 15 10019906 1001 9906 1 2
2 60 99061101 9906 1101 1 2
2 54 00020102 0002 0102 1 2
2 54 01020202 0102 0202 1 2
2 36 02029007 0202 9007 1 2
2 28 90070302 9007 0302 1 2
2 52 03020402 0302 0402 1 2
2 30 04029014 0402 9014 1 2
2 22 90140502 9014 0502 1 2
2 45 05020602 0502 0602 1 2
2 43 06020702 0602 0702 1 2
2 55 07020802 0702 0802 1 2
2 73 09021002 0902 1002 1 2
2 75 10021102 1002 1102 1 2 
1 67 00030103 0003 0103 1 2
1 41 01030203 0103 0203 1 2
1 34 02039008 0203 9008 1 2
1 30 90080303 9008 0303 1 2
1 52 03030403 0303 0403 1 2
1 30 04039016 0403 9016 1 2
1 10 90169907 9016 9907 1 2
1 12 99070503 9907 0503 1 2
1 45 05030603 0503 0603 1 2
1 43 06030703 0603 0703 1 2
1 55 07030803 0703 0803 1 2
1 20 08039044 0803 9044 1 2
1 11 90449045 9044 9045 1 2
1 106 90450903 9045 0903 1 2
1 73 09031003 0903 1003 1 2
1 75 10031103 1003 1103 1 2
3 119 00030006 0003 0006 1 2
3 121 00060007 0006 0007 1 2
3 50 01039029 0103 9029 1 2
3 69 90290106 9029 0106 1 2
3 121 02060207 0206 0207 1 2
2 64 03030304 0303 0304 1 2
2 10 03049030 0304 9030 1 2
2 23 90300305 9030 0305 1 2
2 23 03050306 0305 0306 1 2
2 17 03069031 0306 9031 1 2
2 13 90319035 9031 9035 1 2 
2 15 90359032 9035 9032 1 2
2 12 90329036 9032 9036 1 2 
2 15 90369033 9036 9033 1 2
2 27 90339034 9033 9034 1 2
2 22 90340307 9034 0307 1 2
2 63 99070504 9907 0504 1 2
2 33 05040505 0504 0505 1 2
2 23 05050506 0505 0506 1 2
2 73 05069040 0506 9040 1 2
2 48 90409059 9040 9059 1 2
3 119 06030606 0603 0606 1 2
3 119 07030706 0703 0706 1 2
2 88 08030805 0803 0805 1 2
2 31 08050806 0805 0806 1 2
2 121 08060807 0806 0807 1 2
2 63 09030904 0903 0904 1 2
2 67 09040906 0904 0906 1 2
2 110 09060907 0906 0907 1 2
2 63 11031104 1103 1104 1 2
2 67 11041106 1104 1106 1 2
2 110 11061107 1106 1107 1 2
3 67 00060106 0006 0106 1 2
3 41 01060206 0106 0206 1 2
3 64 02060306 0206 0306 1 2
3 57 03049037 0304 9037 1 2
3 35 90370504 9037 0504 1 2
3 42 03059038 0305 9038 1 2 
3 22 90383039 9038 9039 1 2
3 28 90390505 9039 0505 1 2
3 57 05060606 0506 0606 1 2
3 18 06069043 0606 9043 1 2
3 25 90430706 9043 0706 1 2
3 55 07060806 0706 0806 1 2
3 73 09049050 0904 9050 1 2
3 75 90501104 9050 1104 1 2
3 73 09069051 0906 9051 1 2
3 75 90511106 9051 1106 1 2
3 215 00070011 0007 0011 1 2
2 89 01079054 0107 9054 1 2
2 19 90540109 9054 0109 1 2
2 52 01099068 0109 9068 1 2
2 55 90680111 9068 0111 1 2
3 40 03079055 0307 9055 1 2
3 49 90550308 9055 0308 1 2
3 68 03080309 0308 0309 1 2
3 34 03090310 0309 0310 1 2
3 73 03100311 0310 0311 1 2
2 89 05070508 0507 0508 1 2
2 53 05080510 0508 0510 1 2
2 73 05100511 0510 0511 1 2
2 101 08070808 0807 0808 1 2
2 20 08089062 0808 9062 1 2
2 21 90620810 9062 0810 1 2
2 39 08109070 0810 9070 1 2
2 17 90709071 9070 9071 1 2
2 17 90710811 9071 0811 1 2
2 101 09070908 0907 0908 1 2
3 72 09080910 0908 0910 1 2
3 72 10081010 1008 1010 1 2
3 42 10101011 1010 1011 1 2
2 52 00079053 0007 9053 1 2
2 26 90530107 9053 0107 1 2
2 30 01070207 0107 0207 1 2
2 64 02070307 0207 0307 1 2
2 24 03079057 0307 9057 1 2
2 20 90579058 9057 9058 1 2
2 48 90589059 9058 9059 1 2 
2 24 90590507 9059 0507 1 2
2 91 05079061 0507 9061 1 2
2 40 90610807 9061 0807 1 2
2 147 08070907 0807 0907 1 2
2 115 09079908 0907 9908 1 2
2 33 99081107 9908 1107 1 2
3 50 01099056 0109 9056 1 2
3 44 90560309 9056 0309 1 2
3 65 03089060 0308 9060 1 2
3 51 90600508 9060 0508 1 2
3 56 03109069 0310 9069 1 2
3 60 90690510 9069 0510 1 2
2 131 05100810 0510 0810 1 2
2 75 08089063 0808 9063 1 2
2 72 90630908 9063 0908 1 2
2 28 09089065 0909 9065 1 2
2 24 90651008 9065 1008 1 2
2 58 10089066 1008 9066 1 2
2 5 90669909 9066 9909 1 2
2 33 99091108 9909 1108 1 2
3 52 09101010 0910 1010 1 2
3 78 00110111 0011 0111 1 2
2 94 01110311 0111 0311 1 2
2 116 03110511 0311 0511 1 2
3 131 05110811 0511 0811 1 2
3 199 08111011 0811 1011 1 2