0001 0001 100 6 1
0002 0002 200 6 1
0003 0003 327 6 1
北邮科技酒店 0101 100 60 1
0102 0102 200 60 1
0103 0103 327 73 1
0200 0200 40 114 1
0201 0201 90 114 1
0202 0202 200 114 1
0203 0203 327 114 1
0301 0301 90 178 1
0302 0302 200 178 1
0303 0303 327 178 1
9901 9901 40 201 1
9902 9902 90 201 1
0401 0401 90 230 1
0402 0402 200 230 1
0403 0403 327 230 1
学十三公寓 0501 90 282 1
0502 0502 200 282 1
0503 0503 327 282 1
9907 9907 327 270 1
0601 0601 90 327 1
0602 0602 200 327 1
0603 0603 327 327 1
0701 0701 90 370 1
0702 0702 200 370 1
0703 0703 327 370 1
9903 9903 40 402 1
9904 9904 90 402 1
0801 0801 90 425 1
0802 0802 200 425 1
0803 0803 327 425 1
移动营业厅 0901 90 572 1
教四楼 0902 200 572 1
0903 0903 327 572 1
1001 1001 90 645 1
校训石 1002 200 645 1
国旗 1003 327 645 1
9905 9905 40 660 1
9906 9906 90 660 1
停车坪 1101 90 720 1
1103 1103 327 720 1
0006 0006 446 6 1
0106 0106 446 73 1
0206 0206 446 114 1
0304 0304 390 178 1
0305 0305 423 178 1
0306 0306 446 178 1
0504 0504 390 270 1
0505 0505 423 270 1
0506 0506 446 270 1
0606 0606 446 327 1
0706 0706 446 370 1
0805 0805 415 425 1
0806 0806 446 425 1
0904 0904 390 572 1
0906 0906 457 572 1
1104 1104 390 720 1
1106 1106 457 720 1
0007 0007 567 6 1
0107 0107 567 84 1
0109 0109 675 84 1
0207 0207 567 114 1
0307 0307 567 178 1
0308 0308 656 178 1
0309 0309 675 178 1
学生食堂 9059 567 270 1
0507 0507 567 294 1
0508 0508 656 294 1
0807 0807 567 425 1
0907 0907 567 572 1
0908 0908 668 572 1
1008 1008 668 624 1
9908 9908 567 687 1
9909 9909 668 687 1
1107 1107 567 720 1
1108 1108 668 720 1
0011 0011 782 6 1
0111 0111 782 84 1
0310 0310 709 178 1
0311 0311 782 178 1
0510 0510 709 294 1
0511 0511 782 294 1
0810 0810 709 425 1
0811 0811 782 425 1
0910 0910 740 572 1
1010 1010 740 624 1
1011 1011 782 624 1
学十一公寓 9002 175 60 1
学九公寓 9003 147 114 1
教九 9004 200 86 1
学十公寓 9005 254 114 1
青年公寓 9006 90 151 1
留学生公寓 9007 200 150 1
综合食堂 9008 327 148 1
外卖窗口 9009 255 178 1
学五公寓 9010 150 230 1
学八公寓 9011 255 230 1
学三公寓 9013 148 282 1
喷泉 9014 200 260 1
学四公寓 9015 255 282 1
大电视 9016 327 260 1
鸿通楼 9017 50 402 1
商店泵房 9018 90 380 1
学一公寓 9019 150 425 1
学二公寓 9020 255 425 1
邮局 9021 90 490 1
ATM 9022 90 526 1
教四楼 0902 200 572 1
主席像 9026 262 645 1
教三楼 1102 200 720 1
经管楼 9029 377 73 1
学生活动中心 9030 400 178 1
澡堂 9031 463 178 1
联通营业厅 9032 491 178 1
水房 9033 518 178 1
锅炉房 9034 545 178 1
学苑超市 9035 476 178 1
图片社 9036 503 178 1
报亭 9037 390 235 1
MAAN咖啡 9038 423 220 1
学生处心理健康教育中心 9039 423 242 1
学苑书屋 9040 519 270 1
小松林 9041 390 327 1
时光广场 9042 390 370 1
图书馆 9043 446 345 1
财务楼 9044 327 445 1
后勤楼 9045 327 466 1
行政办公楼 9046 459 425 1
教一楼 9047 457 572 1
音乐喷泉 9050 390 645 1
主楼 9051 457 645 1
教二楼 9052 457 720 1
学六公寓 9053 567 58 1
家属区一 9054 656 84 1
科研大楼 9055 607 178 1
家属区二 9056 675 134 1
茗香吧 9057 567 202 1
教工餐厅 9058 567 222 1
学生食堂 9059 567 270 1
家属区三 9060 656 243 1
篮球场 9061 567 385 1
网球场 0808 668 425 1
排球场 9062 688 425 1
体育馆 9063 668 500 1
科学会堂 9064 625 572 1
全民健身 9065 668 600 1
体育场 9066 668 682 1
李白烈士遗像 9067 668 687 1
青年教师公寓 9068 727 84 1
保卫处基建处 9069 709 234 1
学二九公寓 9070 748 425 1
游泳馆 9071 765 425 1